10 flow networks in WDG0.txt.

** G1: |V|=5, V={0..4}
(u, v, weight) E = {
      ( 0,  1, 38.578)
      ( 1,  2, 34.022)
      ( 1,  3, 93.687)
      ( 2,  4, 73.781)
      ( 3,  2, 10.792) }
-------------------------

** G2: |V|=5, V={0..4}
(u, v, weight) E = {
      ( 0,  2, 71.341)
      ( 1,  2, 12.021)
      ( 1,  3, 58.555)
      ( 2,  3,  6.947)
      ( 3,  1, 20.073)
      ( 3,  2, 64.541)
      ( 3,  4, 81.783) }
-------------------------

** G3: |V|=5, V={0..4}
(u, v, weight) E = {
      ( 0,  2, 67.964)
      ( 1,  4, 42.650)
      ( 2,  1, 11.940)
      ( 2,  3, 83.268)
      ( 2,  4, 89.862)
      ( 3,  1, 22.970)
      ( 3,  4, 96.584) }
-------------------------

** G4: |V|=5, V={0..4}
(u, v, weight) E = {
      ( 0,  2, 90.883)
      ( 0,  4, 40.432)
      ( 1,  2,  4.847)
      ( 1,  3, 80.824)
      ( 2,  1, 66.642)
      ( 2,  3, 22.284)
      ( 3,  1, 59.614)
      ( 3,  2, 42.998) }
-------------------------

** G5: |V|=5, V={0..4}
(u, v, weight) E = {
      ( 0,  1, 58.113)
      ( 0,  2, 83.929)
      ( 0,  3, 51.857)
      ( 1,  3, 40.992)
      ( 3,  4,  1.583) }
-------------------------

** G6: |V|=10, V={0..9}
(u, v, weight) E = {
      ( 0,  4, 35.558)
      ( 0,  6,  6.219)
      ( 0,  9, 35.675)
      ( 1,  3, 41.228)
      ( 1,  4,  5.158)
      ( 1,  5, 53.621)
      ( 1,  6, 27.365)
      ( 2,  3, 58.836)
      ( 2,  4,  4.923)
      ( 2,  6, 69.321)
      ( 2,  7, 74.317)
      ( 3,  1, 60.708)
      ( 3,  5,  8.528)
      ( 4,  3, 24.297)
      ( 5,  1, 28.675)
      ( 5,  8, 64.607)
      ( 6,  7, 95.749)
      ( 7,  2, 75.704)
      ( 7,  5, 46.166)
      ( 7,  6,  0.350)
      ( 8,  2, 54.450)
      ( 8,  4, 78.070)
      ( 8,  5, 62.696)
      ( 8,  6, 33.589)
      ( 8,  7, 52.281)
      ( 8,  9, 81.402) }
-------------------------

** G7: |V|=10, V={0..9}
(u, v, weight) E = {
      ( 0,  1, 30.657)
      ( 0,  5, 77.506)
      ( 1,  2, 41.619)
      ( 1,  3, 25.842)
      ( 2,  1, 92.259)
      ( 2,  3, 83.094)
      ( 2,  6, 19.967)
      ( 2,  8, 77.787)
      ( 3,  2, 94.523)
      ( 3,  4,  5.268)
      ( 3,  7, 75.233)
      ( 4,  5, 77.196)
      ( 5,  1, 38.197)
      ( 5,  2, 32.649)
      ( 5,  6, 79.863)
      ( 5,  7, 87.385)
      ( 5,  9, 56.056)
      ( 6,  4, 79.863)
      ( 6,  5, 49.760)
      ( 6,  9, 35.673)
      ( 7,  2, 59.111)
      ( 7,  3, 43.556)
      ( 7,  4, 64.727)
      ( 7,  6, 62.541)
      ( 8,  1, 16.535) }
-------------------------

** G8: |V|=10, V={0..9}
(u, v, weight) E = {
      ( 0,  1, 24.471)
      ( 0,  3, 85.551)
      ( 0,  5, 44.868)
      ( 1,  4, 53.825)
      ( 1,  5, 21.962)
      ( 1,  6, 31.538)
      ( 1,  8, 14.765)
      ( 1,  9,  9.126)
      ( 2,  1, 91.452)
      ( 2,  4, 70.424)
      ( 2,  5,  4.917)
      ( 2,  6, 60.279)
      ( 2,  7, 32.674)
      ( 2,  9, 81.262)
      ( 3,  2, 22.296)
      ( 3,  7, 92.037)
      ( 6,  1, 59.068)
      ( 6,  3, 73.058)
      ( 6,  4, 90.566)
      ( 6,  5, 71.455)
      ( 7,  3, 55.604)
      ( 7,  4, 60.674)
      ( 7,  5, 39.754)
      ( 7,  6, 36.053)
      ( 7,  9, 98.323)
      ( 8,  2,  2.419)
      ( 8,  3, 31.909)
      ( 8,  4, 70.959)
      ( 8,  7, 74.136) }
-------------------------

** G9: |V|=10, V={0..9}
(u, v, weight) E = {
      ( 0,  3, 12.952)
      ( 0,  4, 43.993)
      ( 0,  5,  6.080)
      ( 0,  6, 60.187)
      ( 0,  8, 75.236)
      ( 0,  9, 17.734)
      ( 1,  2, 66.595)
      ( 1,  3,  0.388)
      ( 1,  4, 90.824)
      ( 1,  6, 70.545)
      ( 1,  9, 50.004)
      ( 2,  1, 46.353)
      ( 2,  3, 64.587)
      ( 2,  6, 93.335)
      ( 2,  7, 73.959)
      ( 2,  8, 72.712)
      ( 3,  1, 71.107)
      ( 3,  2, 10.029)
      ( 3,  6, 61.004)
      ( 3,  8,  8.937)
      ( 3,  9, 51.698)
      ( 4,  1, 63.857)
      ( 4,  2, 81.135)
      ( 4,  7, 73.313)
      ( 4,  8, 83.705)
      ( 5,  2, 67.538)
      ( 5,  4, 63.648)
      ( 5,  8, 36.988)
      ( 6,  4, 77.315)
      ( 6,  5, 28.785)
      ( 7,  1, 87.774)
      ( 7,  4, 21.362)
      ( 7,  8, 99.402)
      ( 7,  9, 70.280)
      ( 8,  2, 92.456)
      ( 8,  3, 59.036)
      ( 8,  4, 48.478)
      ( 8,  5, 48.621)
      ( 8,  6, 89.183) }
-------------------------

** G10: |V|=10, V={0..9}
(u, v, weight) E = {
      ( 0,  4, 31.527)
      ( 0,  5,  7.971)
      ( 0,  7, 93.283)
      ( 0,  8,  2.912)
      ( 0,  9, 24.030)
      ( 1,  3, 93.931)
      ( 1,  5, 83.306)
      ( 1,  7, 24.762)
      ( 1,  8, 72.656)
      ( 2,  4, 26.704)
      ( 2,  5, 95.685)
      ( 2,  7,  9.135)
      ( 2,  8, 86.201)
      ( 2,  9, 40.024)
      ( 3,  2, 75.590)
      ( 3,  5, 47.721)
      ( 3,  7, 94.749)
      ( 4,  2, 77.277)
      ( 4,  7, 97.650)
      ( 4,  8, 81.319)
      ( 5,  1, 13.447)
      ( 5,  6, 57.351)
      ( 5,  7, 96.194)
      ( 5,  8, 70.668)
      ( 6,  9, 69.222)
      ( 7,  4, 20.417)
      ( 7,  8, 34.784)
      ( 8,  4, 22.891)
      ( 8,  6, 63.347) }
-------------------------
