3 flow networks in WDG3.txt.

** G1: |V|=5, V={0,1,...4}
(u, v, weight) E = {
      ( 0,  2, 10.869)
      ( 1,  4, 25.297)
      ( 2,  0,  8.403)
      ( 2,  1, 12.700)
      ( 3,  0, 89.156)
      ( 4,  3, 38.522) }
-------------------------

** G2: |V|=10, V={0,1,...9}
E (u, v, weight) = {
      ( 0,  2, 65.051)
      ( 0,  5, 82.955)
      ( 0,  8, 78.506)
      ( 1,  2, 95.255)
      ( 1,  8, 12.197)
      ( 1,  9, 87.016)
      ( 2,  4, 18.152)
      ( 2,  7, 46.307)
      ( 2,  8, 93.820)
      ( 2,  9, 84.214)
      ( 3,  5,  7.091)
      ( 3,  6, 71.315)
      ( 3,  7, 98.967)
      ( 4,  1, 31.276)
      ( 4,  8, 72.793)
      ( 5,  3, 66.131)
      ( 6,  1, 38.716)
      ( 6,  4, 81.033)
      ( 6,  8, 94.701)
      ( 6,  9, 71.196)
      ( 7,  1, 17.799)
      ( 7,  4, 40.334)
      ( 7,  6, 74.125)
      ( 7,  9, 45.144)
      ( 8,  1, 55.213)
      ( 8,  2, 56.619)
      ( 8,  4, 67.969)
      ( 8,  7, 74.949)
      ( 9,  1, 30.659)
      ( 9,  2, 19.269)
      ( 9,  4,  4.276)
      ( 9,  6, 84.821)
      ( 9,  7, 94.940) }
-------------------------

** G3: |V|=5, V={0,1,...4}
(u, v, weight) E = {
      ( 0,  2, 50.869)
      ( 1,  4, 25.297)
      ( 2,  3,  8.403)
      ( 2,  1, 12.700)
      ( 3,  4, 15.156)
      ( 4,  3, 38.522) }
-------------------------
