20  Weighted Directed Graphs
** G1: |V|=10, V={0,1,...9}
(u, v, weight) E = { 
      ( 0,  2, 78.560)
      ( 0,  3,  1.391)
      ( 0,  4, 99.595)
      ( 0,  5, 72.021)
      ( 0,  6, 66.653)
      ( 0,  9, 75.303)
      ( 1,  3, 64.598)
      ( 1,  4, 53.320)
      ( 1,  5, 25.203)
      ( 2,  5, 76.091)
      ( 2,  9, 32.665)
      ( 3,  0, 62.563)
      ( 3,  2, 95.566)
      ( 4,  2, 78.605)
      ( 4,  3, 69.984)
      ( 4,  8, 48.614)
      ( 5,  1, 29.135)
      ( 5,  3, 46.070)
      ( 5,  4, 84.579)
      ( 5,  6, 21.723)
      ( 5,  9,  4.735)
      ( 6,  0, 25.484)
      ( 6,  1, 37.504)
      ( 6,  3,  6.184)
      ( 6,  8, 29.834)
      ( 6,  9, 53.882)
      ( 7,  4, 26.836)
      ( 7,  8, 49.443)
      ( 7,  9, 53.792)
      ( 8,  0, 16.796)
      ( 8,  3, 31.759)
      ( 8,  4, 50.054)
      ( 8,  5, 57.658)
      ( 8,  6, 34.149)
      ( 8,  7, 90.220)
      ( 9,  0, 79.511)
      ( 9,  2, 57.675)
      ( 9,  6, 50.242)
      ( 9,  7, 92.101) }
------------------------- 

** G2: |V|=10, V={0,1,...9}
(u, v, weight) E = { 
      ( 0,  3, 21.264)
      ( 0,  6, 49.247)
      ( 1,  0, 17.105)
      ( 1,  6, 84.690)
      ( 2,  0, 70.085)
      ( 2,  1, 18.695)
      ( 2,  4, 13.580)
      ( 2,  9, 49.669)
      ( 3,  0, 41.280)
      ( 3,  6, 87.808)
      ( 3,  7,  0.619)
      ( 4,  2,  3.610)
      ( 4,  3, 92.980)
      ( 4,  8, 96.962)
      ( 5,  1, 64.735)
      ( 5,  2, 53.172)
      ( 5,  3, 77.031)
      ( 5,  6, 72.157)
      ( 5,  7, 89.960)
      ( 5,  8, 35.136)
      ( 6,  1, 15.539)
      ( 6,  3, 91.719)
      ( 6,  4, 60.394)
      ( 7,  0, 78.588)
      ( 7,  1, 89.048)
      ( 7,  2, 87.864)
      ( 7,  4, 85.133)
      ( 7,  5, 92.909)
      ( 7,  8, 62.541)
      ( 8,  3, 51.983)
      ( 8,  5, 81.887)
      ( 8,  9,  8.655)
      ( 9,  0, 14.893)
      ( 9,  3, 28.527)
      ( 9,  5, 52.083)
      ( 9,  6, 71.909)
      ( 9,  8, 37.627) }
------------------------- 

** G3: |V|=10, V={0,1,...9}
(u, v, weight) E = { 
      ( 0,  1, 63.690)
      ( 0,  2, 11.116)
      ( 0,  3,  7.906)
      ( 0,  9, 31.836)
      ( 1,  0, 86.662)
      ( 1,  2,  1.625)
      ( 1,  4, 55.636)
      ( 1,  5, 10.486)
      ( 1,  8,  5.809)
      ( 1,  9, 77.408)
      ( 2,  4, 94.627)
      ( 2,  5, 76.231)
      ( 2,  7, 94.160)
      ( 2,  8, 70.418)
      ( 2,  9, 48.812)
      ( 3,  1, 57.696)
      ( 3,  5, 54.224)
      ( 3,  6, 96.638)
      ( 3,  7, 20.984)
      ( 4,  0, 32.672)
      ( 4,  1, 32.438)
      ( 4,  5, 57.605)
      ( 4,  8, 14.677)
      ( 4,  9, 47.123)
      ( 5,  0, 28.525)
      ( 5,  2, 23.446)
      ( 5,  8, 20.522)
      ( 6,  0, 86.328)
      ( 6,  1, 49.638)
      ( 6,  4, 62.741)
      ( 6,  7, 91.884)
      ( 6,  9, 41.267)
      ( 7,  0, 96.420)
      ( 7,  3, 32.015)
      ( 7,  5, 47.740)
      ( 7,  6,  7.495)
      ( 8,  2, 61.424)
      ( 8,  5, 79.437)
      ( 8,  7, 51.665)
      ( 8,  9, 80.160)
      ( 9,  1, 39.118)
      ( 9,  2, 63.589)
      ( 9,  5, 14.962)
      ( 9,  8,  7.738) }
------------------------- 

** G4: |V|=10, V={0,1,...9}
(u, v, weight) E = { 
      ( 0,  1, 81.001)
      ( 0,  2, 80.875)
      ( 0,  4, 79.371)
      ( 0,  8, 80.256)
      ( 1,  3, 52.319)
      ( 1,  4, 28.561)
      ( 1,  7, 52.617)
      ( 2,  1,  2.877)
      ( 2,  3, 23.181)
      ( 3,  0, 69.278)
      ( 3,  1, 35.373)
      ( 3,  2, 55.674)
      ( 3,  4, 41.645)
      ( 3,  5, 25.246)
      ( 4,  0, 77.018)
      ( 4,  7, 12.553)
      ( 4,  8, 65.590)
      ( 5,  0, 67.345)
      ( 6,  1, 12.189)
      ( 6,  2, 72.747)
      ( 6,  3, 42.972)
      ( 7,  3, 17.692)
      ( 7,  6, 85.354)
      ( 7,  8, 11.418)
      ( 7,  9, 84.540)
      ( 8,  0, 15.546)
      ( 8,  1, 15.852)
      ( 8,  2, 99.823)
      ( 8,  3, 56.442)
      ( 8,  4, 73.213)
      ( 8,  9, 16.385)
      ( 9,  1, 27.026)
      ( 9,  5, 85.060)
      ( 9,  6, 27.916)
      ( 9,  7, 43.279)
      ( 9,  8, 77.183) }
------------------------- 

** G5: |V|=10, V={0,1,...9}
(u, v, weight) E = { 
      ( 0,  3, 67.356)
      ( 0,  5, 56.540)
      ( 0,  6, 95.155)
      ( 0,  7, 98.335)
      ( 1,  2, 24.919)
      ( 1,  3, 13.582)
      ( 1,  5, 19.817)
      ( 2,  7, 70.268)
      ( 2,  8, 38.386)
      ( 2,  9, 95.602)
      ( 3,  0,  9.036)
      ( 3,  6, 12.000)
      ( 3,  9, 33.976)
      ( 4,  0, 58.177)
      ( 4,  1, 94.951)
      ( 4,  3, 44.768)
      ( 4,  7, 54.429)
      ( 4,  8, 20.614)
      ( 4,  9, 25.768)
      ( 5,  0, 72.935)
      ( 5,  2, 44.684)
      ( 5,  3, 10.660)
      ( 5,  6, 75.664)
      ( 6,  4, 47.659)
      ( 6,  5, 85.413)
      ( 6,  7, 13.163)
      ( 7,  0, 74.600)
      ( 8,  0, 17.329)
      ( 8,  1, 67.204)
      ( 8,  4, 93.836)
      ( 8,  7, 63.533)
      ( 9,  1, 97.309)
      ( 9,  2, 60.452)
      ( 9,  6, 64.913) }
------------------------- 

** G6: |V|=15, V={0,1,...14}
(u, v, weight) E = { 
      ( 0,  6, 36.761)
      ( 0,  9,  7.326)
      ( 1,  5, 13.274)
      ( 1,  6, 72.069)
      ( 1,  7, 71.021)
      ( 1, 11, 62.011)
      ( 1, 12, 16.916)
      ( 2,  6, 32.655)
      ( 2, 10,  1.941)
      ( 2, 12, 49.168)
      ( 3,  0, 65.625)
      ( 3,  4, 84.666)
      ( 3,  5, 29.669)
      ( 3,  7, 59.068)
      ( 3,  9, 12.770)
      ( 3, 11,  6.572)
      ( 3, 12, 60.695)
      ( 4,  5, 19.677)
      ( 4,  7, 79.037)
      ( 4,  8, 96.505)
      ( 5,  8, 62.836)
      ( 5,  9, 47.711)
      ( 5, 13, 68.723)
      ( 5, 14, 20.285)
      ( 6,  1, 98.977)
      ( 6,  3, 37.937)
      ( 6, 10, 69.173)
      ( 6, 12, 78.237)
      ( 6, 13, 29.796)
      ( 7,  0, 27.229)
      ( 7,  3, 12.989)
      ( 7, 10, 67.619)
      ( 7, 11, 88.615)
      ( 8,  0, 38.781)
      ( 8,  7, 87.772)
      ( 8, 11, 80.052)
      ( 8, 14, 31.884)
      ( 9,  0, 45.047)
      ( 9,  4, 63.307)
      ( 9,  8, 29.534)
      (10,  0, 76.378)
      (10,  2, 22.588)
      (10,  5, 53.950)
      (10,  6, 19.240)
      (10,  8, 54.633)
      (10, 11, 92.598)
      (10, 14, 35.416)
      (11,  2, 46.452)
      (11,  3, 17.386)
      (11,  4, 94.413)
      (11,  7,  5.792)
      (11, 13, 88.767)
      (11, 14, 56.642)
      (12,  3, 76.423)
      (12,  8, 36.169)
      (12, 13, 38.188)
      (13,  0, 57.285)
      (13,  3, 76.736)
      (13,  4, 65.420)
      (13,  5, 63.599)
      (13,  7, 50.243)
      (13, 10, 94.943)
      (13, 14, 44.518)
      (14,  5, 19.485)
      (14,  6, 74.844)
      (14,  7, 76.208)
      (14, 11, 82.353) }
------------------------- 

** G7: |V|=15, V={0,1,...14}
(u, v, weight) E = { 
      ( 0,  1, 81.225)
      ( 0,  3, 64.476)
      ( 0,  5, 38.915)
      ( 1,  2, 71.215)
      ( 1,  7, 44.338)
      ( 1,  8, 69.766)
      ( 1, 11, 96.098)
      ( 2,  6, 89.631)
      ( 2,  8, 21.471)
      ( 2, 14, 27.987)
      ( 3,  5, 96.478)
      ( 3,  8, 84.184)
      ( 3, 11, 69.782)
      ( 4,  0, 36.943)
      ( 4,  2,  3.698)
      ( 4,  3, 43.110)
      ( 4,  5, 47.230)
      ( 4,  9, 20.969)
      ( 4, 10, 92.224)
      ( 4, 13, 85.322)
      ( 4, 14,  4.875)
      ( 5,  1, 87.157)
      ( 5,  9, 57.898)
      ( 5, 10, 97.799)
      ( 5, 13, 64.502)
      ( 6,  5, 97.177)
      ( 6,  7, 46.022)
      ( 6,  8, 57.915)
      ( 6, 10, 35.120)
      ( 6, 11, 74.005)
      ( 7,  1, 11.367)
      ( 7,  4, 95.292)
      ( 7,  6,  9.103)
      ( 7, 10, 31.757)
      ( 7, 14, 82.893)
      ( 8,  3, 88.738)
      ( 8,  6, 38.337)
      ( 8, 10, 40.491)
      ( 8, 13, 91.864)
      ( 8, 14, 68.664)
      ( 9,  1, 88.480)
      ( 9,  3, 83.224)
      ( 9,  4, 14.966)
      ( 9,  5, 99.133)
      ( 9, 14, 98.520)
      (10,  0, 79.786)
      (10, 11, 74.613)
      (10, 14, 91.709)
      (11,  1,  3.708)
      (11,  9, 93.953)
      (12,  2, 32.116)
      (12,  5, 88.912)
      (12, 10,  0.279)
      (12, 14, 91.323)
      (13,  0,  6.789)
      (13,  7, 60.297)
      (13,  9, 98.389)
      (13, 10, 86.809)
      (13, 11,  7.907)
      (14,  4, 44.984)
      (14,  6, 55.190)
      (14,  7, 53.901)
      (14,  8, 83.194)
      (14, 10, 31.470) }
------------------------- 

** G8: |V|=15, V={0,1,...14}
(u, v, weight) E = { 
      ( 0,  4, 90.038)
      ( 0,  8, 44.640)
      ( 0, 11, 76.331)
      ( 0, 12, 45.600)
      ( 0, 13, 67.895)
      ( 1,  7, 70.320)
      ( 1, 10, 25.862)
      ( 1, 13, 28.809)
      ( 2,  5, 53.285)
      ( 2,  6, 48.155)
      ( 2,  8, 90.796)
      ( 3,  4, 94.610)
      ( 3,  5, 65.998)
      ( 3,  8, 58.667)
      ( 3, 14, 66.211)
      ( 4,  7, 22.065)
      ( 4,  8, 68.114)
      ( 4, 11,  8.353)
      ( 4, 12, 99.806)
      ( 4, 14, 29.159)
      ( 5,  1, 13.677)
      ( 5,  3, 82.597)
      ( 5,  4, 82.258)
      ( 5,  6, 53.924)
      ( 5,  7, 50.979)
      ( 5,  8, 14.706)
      ( 5,  9,  5.828)
      ( 5, 11, 63.247)
      ( 5, 13, 94.340)
      ( 6,  2, 11.200)
      ( 6,  9, 16.279)
      ( 7,  1, 10.404)
      ( 7,  2, 59.083)
      ( 7, 13, 64.028)
      ( 7, 14, 50.347)
      ( 8, 11, 66.271)
      ( 8, 14,  1.086)
      ( 9,  0, 83.367)
      ( 9,  3, 53.792)
      ( 9, 12, 51.050)
      (10,  9, 18.994)
      (10, 11, 94.508)
      (10, 12, 22.464)
      (10, 13, 60.789)
      (11,  1, 32.422)
      (11,  2, 26.269)
      (11,  4, 21.401)
      (11,  5, 37.113)
      (11,  6, 78.940)
      (11,  8, 67.949)
      (11, 10,  0.396)
      (12,  2, 14.424)
      (12,  5, 96.665)
      (12,  7, 23.390)
      (12, 13, 42.000)
      (13, 10, 13.007)
      (13, 11, 90.477)
      (14,  0, 67.953)
      (14,  7, 38.067)
      (14, 10,  5.617)
      (14, 11, 11.675)
      (14, 13, 95.800) }
------------------------- 

** G9: |V|=15, V={0,1,...14}
(u, v, weight) E = { 
      ( 0,  7, 16.170)
      ( 0,  8,  3.597)
      ( 0,  9, 20.259)
      ( 0, 11, 94.364)
      ( 0, 14, 41.975)
      ( 1,  0, 78.462)
      ( 1,  2, 43.688)
      ( 1,  6, 90.574)
      ( 1,  9, 59.759)
      ( 1, 12, 57.460)
      ( 2,  6, 76.681)
      ( 2,  8, 92.405)
      ( 2, 10, 72.138)
      ( 3,  4, 71.011)
      ( 3,  7, 28.649)
      ( 3, 10, 17.540)
      ( 3, 14, 60.698)
      ( 4,  6, 51.447)
      ( 4,  9, 33.325)
      ( 4, 14,  7.803)
      ( 5,  0, 46.137)
      ( 5,  1, 22.474)
      ( 5,  6, 48.947)
      ( 5, 10,  3.623)
      ( 5, 12, 34.001)
      ( 6, 13, 92.638)
      ( 7,  5,  3.224)
      ( 7,  8, 14.441)
      ( 7, 11, 32.214)
      ( 7, 12, 26.719)
      ( 7, 14, 30.372)
      ( 8,  3, 82.722)
      ( 8,  6, 72.044)
      ( 8, 12,  5.626)
      ( 9,  0,  7.781)
      ( 9,  1, 46.849)
      ( 9,  7, 97.676)
      ( 9, 10, 28.659)
      ( 9, 13, 15.514)
      (10,  3, 41.873)
      (10,  5, 17.233)
      (10,  8, 39.287)
      (10, 14, 54.081)
      (11,  2, 51.772)
      (11,  4, 96.214)
      (11,  5,  2.000)
      (11, 10, 55.176)
      (12,  3, 10.140)
      (12,  7, 16.650)
      (12,  8, 50.628)
      (12,  9, 36.209)
      (12, 10, 34.882)
      (12, 11, 40.772)
      (12, 13, 57.453)
      (12, 14, 63.238)
      (13,  2, 56.441)
      (13,  5, 14.468)
      (13,  6, 80.594)
      (13,  8, 96.337)
      (13,  9, 32.711)
      (13, 11, 88.241)
      (13, 14, 61.858)
      (14,  7, 68.993) }
------------------------- 

** G10: |V|=15, V={0,1,...14}
(u, v, weight) E = { 
      ( 0,  6, 94.390)
      ( 0,  7, 50.280)
      ( 0,  8, 38.416)
      ( 0,  9, 37.600)
      ( 0, 10, 95.341)
      ( 1,  6, 78.733)
      ( 1,  7, 65.031)
      ( 1, 13, 94.437)
      ( 3,  0, 60.897)
      ( 3,  5, 56.092)
      ( 3,  7, 45.036)
      ( 3,  8, 59.022)
      ( 3, 11, 98.595)
      ( 3, 12, 19.740)
      ( 3, 13, 55.138)
      ( 4,  2, 94.606)
      ( 4,  8, 12.034)
      ( 4,  9, 73.891)
      ( 4, 14, 83.701)
      ( 5,  3, 39.041)
      ( 5, 10, 78.844)
      ( 5, 11, 73.885)
      ( 5, 14, 70.173)
      ( 6,  0, 33.014)
      ( 6,  4, 85.929)
      ( 6,  5, 93.619)
      ( 6, 11, 56.132)
      ( 6, 12, 28.421)
      ( 7,  9,  9.279)
      ( 7, 12, 13.736)
      ( 7, 14, 96.378)
      ( 8,  2, 62.678)
      ( 8,  4, 13.966)
      ( 8,  5, 59.835)
      ( 8, 11, 53.710)
      ( 8, 12, 19.663)
      ( 9,  4,  1.319)
      ( 9, 12, 53.682)
      ( 9, 14,  3.971)
      (10,  0, 20.869)
      (10,  2, 70.422)
      (10,  3, 42.076)
      (10,  7, 87.292)
      (10,  8, 31.488)
      (10, 12, 59.271)
      (10, 14, 40.655)
      (11,  3, 17.442)
      (11,  4, 10.645)
      (11, 10, 90.116)
      (12,  0, 47.013)
      (12,  2, 43.766)
      (12,  9, 33.831)
      (12, 13, 56.998)
      (13,  1, 39.473)
      (13,  7, 44.787)
      (14,  1, 90.066)
      (14,  4,  8.333)
      (14,  5, 98.649)
      (14,  7, 43.990)
      (14, 12, 90.636) }
------------------------- 

** G11: |V|=20, V={0,1,...19}
(u, v, weight) E = { 
      ( 0,  4, 26.978)
      ( 0,  8, 89.480)
      ( 0,  9, 71.255)
      ( 0, 11, 39.207)
      ( 0, 15, 47.146)
      ( 0, 18, 51.508)
      ( 1,  2, 93.348)
      ( 1,  5, 27.576)
      ( 1,  8,  3.422)
      ( 1, 14, 58.134)
      ( 1, 15, 24.751)
      ( 2,  1, 55.507)
      ( 2, 10, 91.641)
      ( 2, 15, 17.735)
      ( 3,  1, 16.018)
      ( 3,  5, 37.273)
      ( 3,  9, 43.146)
      ( 3, 13, 51.768)
      ( 3, 16, 11.565)
      ( 4, 11, 19.098)
      ( 4, 15, 29.197)
      ( 5,  0, 58.648)
      ( 5, 10, 39.199)
      ( 5, 19,  6.702)
      ( 6,  0, 51.573)
      ( 6,  9, 33.008)
      ( 6, 10, 45.387)
      ( 6, 12, 95.571)
      ( 6, 13,  6.380)
      ( 6, 15, 19.873)
      ( 6, 18, 46.572)
      ( 6, 19,  0.639)
      ( 7,  0,  0.826)
      ( 7,  4, 64.833)
      ( 7,  9, 24.099)
      ( 7, 10, 18.186)
      ( 7, 11, 46.435)
      ( 7, 12, 66.590)
      ( 7, 15, 34.374)
      ( 7, 19, 77.638)
      ( 8,  3, 24.694)
      ( 8,  5,  2.319)
      ( 8,  7, 93.503)
      ( 8,  9, 76.944)
      ( 8, 13,  9.162)
      ( 8, 15, 49.213)
      ( 8, 19, 65.969)
      ( 9,  3, 30.080)
      ( 9,  5, 52.114)
      ( 9,  6, 57.796)
      ( 9, 10, 25.735)
      ( 9, 14, 82.102)
      ( 9, 16, 79.260)
      (10,  2, 20.655)
      (10,  4,  3.431)
      (10,  6, 47.332)
      (10, 13, 28.146)
      (10, 17, 87.625)
      (11,  7, 59.437)
      (11,  9, 35.402)
      (11, 10, 24.981)
      (11, 15, 67.687)
      (11, 17, 87.473)
      (11, 18,  1.572)
      (11, 19, 51.446)
      (12,  0, 38.757)
      (12,  1, 96.286)
      (12,  6, 32.279)
      (12, 14, 57.984)
      (12, 17, 73.137)
      (12, 19, 84.699)
      (13,  3, 26.353)
      (13,  5, 45.114)
      (14,  1, 38.155)
      (14, 11, 72.739)
      (14, 12, 29.481)
      (14, 16, 57.189)
      (14, 17,  0.079)
      (15,  1, 18.915)
      (15,  3, 61.557)
      (15,  6, 39.102)
      (15, 10,  7.896)
      (15, 11, 54.669)
      (15, 17, 61.361)
      (15, 18, 77.707)
      (15, 19, 25.969)
      (16,  0, 40.100)
      (16,  1, 74.750)
      (16,  4, 78.612)
      (16,  6, 95.883)
      (16,  9, 75.675)
      (16, 14, 32.797)
      (16, 15, 90.786)
      (17,  0, 29.344)
      (17,  1, 44.868)
      (17,  6, 93.910)
      (17,  8, 68.380)
      (17, 10, 34.178)
      (17, 13, 31.311)
      (17, 16, 51.735)
      (17, 18, 72.354)
      (18,  0, 85.273)
      (18,  1, 77.136)
      (18,  4, 30.178)
      (18,  6, 80.530)
      (18,  9,  6.133)
      (18, 10, 85.568)
      (18, 12, 32.127)
      (18, 16, 26.973)
      (18, 17, 24.982)
      (19,  0,  8.572)
      (19,  1,  0.536)
      (19,  2, 89.049)
      (19,  7,  3.537)
      (19, 15, 60.894) }
------------------------- 

** G12: |V|=20, V={0,1,...19}
(u, v, weight) E = { 
      ( 0,  1, 45.812)
      ( 0,  2, 83.179)
      ( 0,  3,  0.759)
      ( 0,  4, 51.385)
      ( 0, 18, 71.177)
      ( 0, 19,  8.658)
      ( 1,  8, 91.453)
      ( 1, 11, 23.334)
      ( 1, 12, 77.509)
      ( 1, 16, 34.532)
      ( 1, 17, 76.333)
      ( 1, 18, 46.279)
      ( 2,  0, 44.145)
      ( 2,  3,  9.018)
      ( 2, 10, 50.255)
      ( 2, 13,  5.150)
      ( 2, 15, 19.285)
      ( 2, 16, 58.731)
      ( 2, 17, 28.522)
      ( 3,  1, 40.507)
      ( 3,  4, 33.500)
      ( 3,  8, 97.280)
      ( 3, 11, 98.483)
      ( 3, 17, 53.047)
      ( 3, 19, 95.219)
      ( 4,  1, 23.765)
      ( 4,  5, 93.806)
      ( 4,  6, 69.884)
      ( 4,  9, 32.178)
      ( 4, 13, 95.400)
      ( 4, 15, 87.317)
      ( 5, 11, 59.178)
      ( 5, 12,  5.271)
      ( 5, 14, 12.003)
      ( 6,  1, 60.829)
      ( 6,  9, 20.530)
      ( 6, 17, 38.913)
      ( 7,  3,  2.555)
      ( 7, 11, 47.963)
      ( 7, 16, 90.995)
      ( 7, 17, 73.554)
      ( 8,  0, 14.291)
      ( 8,  3, 94.740)
      ( 8,  4,  1.458)
      ( 8,  6, 28.684)
      ( 8, 13, 98.732)
      ( 8, 14, 62.156)
      ( 8, 17, 35.491)
      ( 9,  7, 17.116)
      ( 9, 11, 48.690)
      ( 9, 12, 55.664)
      ( 9, 19, 99.267)
      (10,  1, 31.943)
      (10,  2, 58.172)
      (10,  7, 71.472)
      (10,  9, 27.894)
      (10, 11, 17.508)
      (10, 12, 71.654)
      (10, 13, 82.065)
      (10, 14, 11.768)
      (10, 15, 39.148)
      (11,  0, 13.877)
      (11,  1, 66.344)
      (11,  2,  6.543)
      (11,  5, 37.578)
      (11, 10, 22.818)
      (11, 17,  8.333)
      (11, 18, 34.708)
      (12,  1, 72.205)
      (12, 10, 91.968)
      (13,  0, 63.182)
      (13,  3, 47.929)
      (13,  9, 62.350)
      (13, 15, 53.359)
      (13, 16, 49.618)
      (13, 18, 29.189)
      (13, 19, 13.462)
      (14, 11, 84.757)
      (15,  0, 85.347)
      (15,  6, 40.779)
      (15,  7, 59.266)
      (16,  2, 99.122)
      (16,  7, 93.814)
      (16, 15, 25.447)
      (17,  5, 46.597)
      (17, 13, 34.802)
      (17, 18, 95.592)
      (18,  1, 50.132)
      (18, 10, 89.910)
      (18, 19, 76.889)
      (19,  0, 33.565)
      (19,  3, 79.180)
      (19,  6, 50.898)
      (19,  8, 45.016)
      (19,  9, 22.397)
      (19, 10, 38.321)
      (19, 12, 61.974)
      (19, 14, 69.015)
      (19, 15, 49.975)
      (19, 18, 12.984) }
------------------------- 

** G13: |V|=20, V={0,1,...19}
(u, v, weight) E = { 
      ( 0,  6, 57.511)
      ( 0,  9, 75.798)
      ( 0, 11,  9.418)
      ( 0, 12, 44.135)
      ( 0, 13, 18.064)
      ( 0, 14, 43.875)
      ( 0, 15, 81.286)
      ( 0, 17, 76.842)
      ( 0, 19, 78.467)
      ( 1,  6, 26.060)
      ( 1,  9, 21.732)
      ( 1, 10, 91.833)
      ( 1, 12, 46.429)
      ( 2,  0, 88.895)
      ( 2,  3, 19.340)
      ( 2,  4, 34.610)
      ( 2,  5, 71.000)
      ( 2,  6,  7.441)
      ( 2,  9, 75.321)
      ( 2, 13, 68.800)
      ( 3,  9, 17.840)
      ( 3, 10, 74.266)
      ( 3, 12, 18.657)
      ( 3, 14, 12.756)
      ( 3, 16, 67.022)
      ( 4,  3, 88.461)
      ( 4,  9, 49.556)
      ( 4, 14, 40.742)
      ( 4, 17, 56.498)
      ( 4, 18, 29.281)
      ( 5,  4, 66.763)
      ( 5,  6, 77.578)
      ( 5,  8, 32.106)
      ( 5, 11, 73.723)
      ( 5, 13, 93.216)
      ( 5, 15, 35.190)
      ( 5, 17, 42.198)
      ( 5, 19,  2.066)
      ( 6,  2, 80.301)
      ( 6,  7, 13.210)
      ( 6,  8, 66.391)
      ( 6, 10, 24.081)
      ( 6, 11, 40.874)
      ( 7,  0, 80.410)
      ( 7,  2,  2.995)
      ( 7,  6, 40.743)
      ( 7, 11, 63.420)
      ( 7, 16, 53.034)
      ( 7, 17, 97.923)
      ( 7, 18, 63.040)
      ( 8,  1, 30.791)
      ( 8,  2, 73.543)
      ( 8, 10, 67.256)
      ( 8, 11, 52.970)
      ( 8, 16,  3.726)
      ( 9,  2, 60.992)
      ( 9,  4, 50.517)
      ( 9,  6, 65.844)
      ( 9, 11, 49.241)
      ( 9, 12, 56.647)
      ( 9, 16, 80.866)
      (10,  0, 27.458)
      (10,  1, 54.409)
      (10,  4, 66.990)
      (10,  5,  9.609)
      (10, 15, 86.427)
      (10, 18,  8.030)
      (11,  2, 74.230)
      (11,  9, 86.701)
      (11, 10, 70.971)
      (11, 14, 18.746)
      (11, 19, 99.257)
      (12,  4, 29.975)
      (12,  5, 54.595)
      (12,  7, 47.150)
      (12, 11, 29.364)
      (12, 14, 68.285)
      (13,  4, 82.736)
      (13,  5,  1.265)
      (13,  7, 43.569)
      (13,  8, 61.748)
      (13, 17, 88.501)
      (13, 19, 19.193)
      (14,  1, 43.781)
      (14,  8, 48.798)
      (14,  9, 29.020)
      (14, 11, 60.570)
      (14, 12, 93.673)
      (14, 15, 57.544)
      (14, 17, 56.537)
      (15,  3, 94.479)
      (15,  4, 47.948)
      (15,  6, 62.274)
      (15,  7, 93.286)
      (15,  8,  9.143)
      (15, 11, 40.418)
      (16,  1, 82.504)
      (16,  2, 75.443)
      (16, 14, 95.743)
      (16, 17, 38.962)
      (17,  5, 38.880)
      (17, 15, 49.096)
      (17, 18, 49.051)
      (18,  0, 70.015)
      (18,  2, 13.392)
      (18,  6,  8.404)
      (18, 14, 40.896)
      (18, 15, 21.989)
      (19,  1, 68.522)
      (19,  4, 96.922)
      (19,  9, 82.478)
      (19, 13, 91.866)
      (19, 14, 76.399) }
------------------------- 

** G14: |V|=20, V={0,1,...19}
(u, v, weight) E = { 
      ( 0, 18, 95.183)
      ( 1,  2, 49.233)
      ( 1,  3, 33.322)
      ( 1,  4, 68.479)
      ( 1,  9, 16.501)
      ( 1, 13, 33.924)
      ( 1, 14, 26.811)
      ( 1, 16, 16.462)
      ( 1, 19, 85.727)
      ( 2, 12, 35.390)
      ( 2, 15, 33.436)
      ( 3,  2, 78.115)
      ( 3,  5, 40.236)
      ( 3,  8, 24.836)
      ( 3, 12, 93.066)
      ( 3, 14, 58.385)
      ( 3, 15, 30.322)
      ( 3, 17, 93.265)
      ( 3, 18, 94.581)
      ( 4,  0, 78.849)
      ( 4,  3, 92.609)
      ( 4,  8, 62.381)
      ( 4,  9, 21.932)
      ( 4, 10, 71.947)
      ( 4, 12, 89.515)
      ( 5,  0, 78.679)
      ( 5,  1, 43.177)
      ( 5,  2, 93.337)
      ( 5,  4, 35.601)
      ( 5, 19, 98.906)
      ( 6,  1, 70.561)
      ( 6,  5, 49.230)
      ( 6, 15, 64.835)
      ( 6, 16, 97.823)
      ( 6, 19, 51.957)
      ( 7,  0, 62.237)
      ( 7,  1, 55.827)
      ( 7,  3,  3.999)
      ( 7,  6, 79.281)
      ( 7, 14, 86.149)
      ( 7, 17, 93.485)
      ( 8,  1, 69.585)
      ( 8,  3, 45.094)
      ( 8,  4, 73.768)
      ( 8, 11, 30.366)
      ( 8, 18, 97.957)
      ( 9,  2, 62.039)
      ( 9,  8, 94.723)
      ( 9, 10, 42.382)
      ( 9, 13, 43.418)
      ( 9, 16,  5.365)
      ( 9, 17, 24.952)
      (10,  1, 69.192)
      (10,  5, 47.179)
      (10,  7, 38.571)
      (10,  9, 31.968)
      (10, 11, 12.461)
      (10, 18, 88.329)
      (10, 19, 39.390)
      (11,  5, 99.981)
      (11,  6, 95.243)
      (11, 17, 46.363)
      (11, 18, 64.659)
      (11, 19, 76.842)
      (12,  3, 26.730)
      (12,  5,  8.938)
      (12,  7,  0.122)
      (12,  9, 13.529)
      (12, 14, 23.425)
      (12, 16, 52.685)
      (12, 18, 97.555)
      (12, 19, 67.729)
      (13,  4, 13.896)
      (13,  5, 78.080)
      (13,  8, 73.191)
      (13, 15, 98.195)
      (13, 19, 50.310)
      (14,  1, 20.795)
      (14,  2, 91.563)
      (14,  5,  7.061)
      (14,  9, 12.131)
      (14, 11,  4.279)
      (14, 15, 11.147)
      (14, 19, 46.028)
      (15,  1, 16.236)
      (15,  2, 89.586)
      (15, 11, 53.583)
      (15, 12, 94.631)
      (15, 13, 31.857)
      (15, 16,  3.166)
      (16,  0, 65.943)
      (16,  1, 50.143)
      (16,  3, 74.804)
      (16,  4, 19.806)
      (16,  8, 15.676)
      (16,  9,  7.322)
      (16, 12, 31.244)
      (16, 14, 75.652)
      (17,  4, 76.757)
      (17, 10, 48.835)
      (17, 18, 78.531)
      (18,  2, 58.470)
      (18,  4, 65.450)
      (18,  6, 60.778)
      (18, 12, 58.385)
      (18, 15,  1.108)
      (18, 16, 94.907)
      (18, 19, 70.162)
      (19,  0, 97.556)
      (19,  1, 84.678)
      (19,  3, 78.895)
      (19,  7, 12.685)
      (19,  8, 24.143)
      (19,  9, 57.798)
      (19, 12, 31.250)
      (19, 14, 67.574) }
------------------------- 

** G15: |V|=20, V={0,1,...19}
(u, v, weight) E = { 
      ( 0, 10, 62.612)
      ( 0, 11, 82.247)
      ( 0, 12, 40.651)
      ( 0, 15, 36.123)
      ( 0, 18, 88.355)
      ( 1,  3, 85.689)
      ( 1,  7, 70.623)
      ( 1, 11, 84.247)
      ( 1, 12,  0.968)
      ( 1, 13, 37.256)
      ( 1, 15, 36.712)
      ( 1, 16, 23.943)
      ( 2,  4, 86.047)
      ( 2,  6, 48.733)
      ( 2,  7, 24.987)
      ( 2,  8, 59.191)
      ( 2, 11,  5.615)
      ( 2, 12, 65.349)
      ( 2, 15, 97.163)
      ( 2, 19, 62.953)
      ( 3,  1,  8.545)
      ( 3,  4, 43.378)
      ( 3, 16, 53.003)
      ( 3, 19, 99.220)
      ( 4,  2, 89.749)
      ( 4,  6, 45.325)
      ( 4,  7, 92.879)
      ( 4, 11, 74.662)
      ( 4, 16, 48.414)
      ( 5,  0, 38.426)
      ( 5,  1, 56.368)
      ( 5,  2, 14.215)
      ( 5,  7, 35.479)
      ( 5,  9, 63.962)
      ( 5, 11, 76.236)
      ( 5, 14,  3.328)
      ( 6,  1, 54.541)
      ( 6,  3, 98.836)
      ( 6,  5, 37.704)
      ( 6, 11, 84.233)
      ( 6, 17, 51.923)
      ( 6, 18, 52.940)
      ( 7,  8, 12.787)
      ( 7,  9, 61.513)
      ( 7, 10,  0.984)
      ( 7, 11, 80.269)
      ( 7, 15, 25.278)
      ( 8,  2, 91.086)
      ( 8, 10, 60.905)
      ( 8, 11, 38.736)
      ( 8, 13, 75.262)
      ( 8, 19, 36.111)
      ( 9,  0, 53.333)
      ( 9,  2,  5.296)
      ( 9,  3, 59.353)
      ( 9,  4, 52.290)
      ( 9,  7, 18.223)
      ( 9,  8, 80.101)
      ( 9, 12, 94.761)
      ( 9, 13, 57.000)
      ( 9, 16, 74.203)
      ( 9, 17, 64.175)
      ( 9, 19, 51.411)
      (10,  7, 36.067)
      (10, 12,  2.503)
      (10, 13, 91.975)
      (11,  0, 33.724)
      (11,  9, 97.661)
      (11, 12,  5.411)
      (11, 16, 62.507)
      (12,  3, 67.679)
      (12, 11, 18.769)
      (12, 17, 42.195)
      (12, 18, 50.882)
      (12, 19, 84.421)
      (13,  1,  6.992)
      (13,  6, 36.995)
      (13,  7, 29.877)
      (13,  8, 41.182)
      (13,  9, 85.602)
      (13, 11, 24.473)
      (13, 15,  5.461)
      (13, 16, 22.842)
      (14,  1, 20.611)
      (14,  5, 95.209)
      (14,  6, 58.411)
      (14,  9, 45.228)
      (15,  3, 40.496)
      (15,  9, 83.085)
      (15, 10, 14.779)
      (15, 11, 50.236)
      (15, 13, 65.197)
      (15, 17, 19.368)
      (16,  1, 43.568)
      (16,  4, 83.560)
      (16,  9, 70.533)
      (16, 17, 33.129)
      (17,  3, 65.286)
      (17,  5, 88.682)
      (17,  7, 98.442)
      (17,  9, 51.747)
      (17, 13,  7.473)
      (18,  1,  8.750)
      (18,  4, 10.258)
      (18,  5, 12.346)
      (18,  8, 11.767)
      (18, 11, 50.098)
      (18, 16,  3.621)
      (19,  0, 23.320)
      (19,  2, 11.969)
      (19,  8, 51.936)
      (19, 11,  7.356)
      (19, 13, 10.002)
      (19, 14, 31.922)
      (19, 18, 43.310) }
------------------------- 

** G16: |V|=25, V={0,1,...24}
(u, v, weight) E = { 
      ( 0,  4, 30.781)
      ( 0, 13, 85.617)
      ( 0, 18, 48.245)
      ( 0, 19, 35.487)
      ( 0, 22, 26.660)
      ( 1,  2, 98.711)
      ( 1, 14, 58.848)
      ( 1, 16, 55.938)
      ( 1, 17, 14.864)
      ( 1, 21, 79.802)
      ( 2,  6, 19.235)
      ( 2, 11, 31.168)
      ( 2, 14, 69.131)
      ( 2, 18, 71.834)
      ( 2, 24, 26.082)
      ( 3,  4, 64.117)
      ( 3, 10, 70.187)
      ( 3, 11, 97.965)
      ( 3, 21,  7.504)
      ( 4,  7,  4.896)
      ( 4,  8, 94.991)
      ( 4, 22, 74.904)
      ( 5,  2, 60.737)
      ( 5,  8,  2.119)
      ( 5, 12, 81.481)
      ( 5, 14, 47.247)
      ( 5, 16, 29.867)
      ( 5, 20, 69.554)
      ( 5, 21, 83.706)
      ( 6,  0, 60.226)
      ( 6, 19, 39.931)
      ( 7,  4, 13.474)
      ( 7,  9, 28.947)
      ( 8,  0, 12.287)
      ( 8,  2, 46.489)
      ( 8,  3, 48.808)
      ( 8,  7, 34.809)
      ( 8,  9, 39.727)
      ( 8, 11, 76.569)
      ( 8, 19, 50.431)
      ( 8, 24, 71.347)
      ( 9,  0, 35.287)
      ( 9,  4, 76.030)
      ( 9, 10, 48.043)
      ( 9, 13,  5.269)
      ( 9, 21, 98.973)
      (10,  9, 22.577)
      (10, 11, 69.323)
      (10, 12, 77.293)
      (10, 13, 97.842)
      (10, 14, 18.355)
      (11, 10, 32.139)
      (11, 14, 34.044)
      (11, 15, 20.512)
      (11, 16, 84.498)
      (11, 20, 62.107)
      (11, 21, 21.544)
      (11, 22, 22.888)
      (12,  0, 17.261)
      (12,  1, 13.213)
      (12,  3, 43.505)
      (12, 20, 11.466)
      (12, 22,  9.571)
      (13,  5, 95.256)
      (13,  6, 25.100)
      (13, 15, 69.703)
      (13, 19, 78.933)
      (13, 21, 23.337)
      (13, 22, 69.695)
      (14,  8, 21.075)
      (14, 19, 18.655)
      (14, 21, 38.772)
      (15, 12, 91.381)
      (15, 13, 55.823)
      (15, 14, 77.173)
      (15, 16, 19.173)
      (15, 17, 34.739)
      (15, 19, 80.468)
      (15, 20, 93.777)
      (15, 23, 49.799)
      (16,  3, 23.239)
      (16, 18, 62.419)
      (16, 19, 45.323)
      (16, 24, 22.221)
      (17,  2, 95.084)
      (18,  4, 58.130)
      (18, 14, 96.921)
      (18, 16, 97.972)
      (18, 17,  7.296)
      (18, 19, 98.523)
      (19,  1,  7.857)
      (19, 11,  3.732)
      (19, 14, 53.350)
      (19, 21, 32.881)
      (19, 23,  9.482)
      (20,  4, 21.957)
      (20,  7, 38.572)
      (20, 16, 23.566)
      (20, 18, 12.103)
      (20, 24, 81.129)
      (21, 12, 98.446)
      (21, 22, 62.143)
      (22,  2, 82.244)
      (22, 11, 83.010)
      (22, 16, 99.935)
      (22, 17, 18.876)
      (22, 18, 67.171)
      (22, 21, 73.575)
      (22, 24, 17.177)
      (23,  5,  4.815)
      (23,  8, 94.593)
      (23, 11, 26.611)
      (23, 22, 33.155)
      (24,  2, 22.181)
      (24, 14, 45.342) }
------------------------- 

** G17: |V|=25, V={0,1,...24}
(u, v, weight) E = { 
      ( 0,  7, 68.562)
      ( 0,  8, 20.115)
      ( 0, 10, 56.499)
      ( 0, 21, 24.957)
      ( 0, 24, 10.097)
      ( 1, 13, 70.908)
      ( 1, 21, 48.703)
      ( 2,  5, 71.306)
      ( 2,  8, 93.994)
      ( 2, 16,  7.144)
      ( 2, 21, 84.958)
      ( 2, 23, 55.034)
      ( 2, 24,  2.383)
      ( 3,  0, 15.597)
      ( 3,  5, 39.533)
      ( 3,  7, 39.215)
      ( 3, 12, 61.531)
      ( 3, 18, 68.037)
      ( 4,  1, 23.488)
      ( 4,  3, 43.117)
      ( 4, 15, 27.185)
      ( 4, 16, 53.175)
      ( 4, 24, 51.714)
      ( 5,  3, 58.079)
      ( 5, 15, 63.338)
      ( 5, 19, 64.076)
      ( 6,  2,  5.156)
      ( 6,  5, 85.847)
      ( 6,  7, 82.417)
      ( 6,  8, 98.860)
      ( 6, 11, 12.604)
      ( 6, 14, 65.425)
      ( 6, 16, 85.161)
      ( 6, 21, 24.036)
      ( 6, 23, 52.106)
      ( 6, 24, 60.593)
      ( 7,  0, 24.169)
      ( 7,  5, 21.404)
      ( 7, 20, 35.935)
      ( 7, 23, 66.157)
      ( 8,  6, 43.936)
      ( 8,  7, 49.072)
      ( 8, 13,  9.327)
      ( 8, 17, 31.624)
      ( 8, 19,  5.946)
      ( 8, 23, 58.466)
      ( 9,  3, 89.345)
      ( 9, 10, 59.108)
      ( 9, 11, 28.906)
      ( 9, 17, 64.095)
      (10,  8, 56.655)
      (10, 12, 82.656)
      (10, 17, 92.039)
      (10, 22, 31.900)
      (11,  1, 96.948)
      (11,  6, 70.950)
      (11, 13, 39.891)
      (11, 17, 61.102)
      (11, 19,  0.979)
      (11, 20, 57.787)
      (12,  3, 94.418)
      (12,  4, 56.284)
      (12, 13, 89.334)
      (12, 20, 89.627)
      (13,  1, 25.050)
      (13, 11, 56.711)
      (13, 15, 22.344)
      (13, 20, 75.576)
      (13, 23, 60.791)
      (14, 13, 72.956)
      (14, 18, 93.049)
      (14, 19, 40.487)
      (14, 21, 34.678)
      (15,  6, 83.605)
      (15, 13,  7.848)
      (15, 19, 91.258)
      (16,  0, 85.048)
      (16,  4, 68.777)
      (16,  6, 93.187)
      (16,  7, 48.914)
      (16, 18, 74.571)
      (16, 23, 71.480)
      (17, 12, 26.454)
      (17, 18, 17.834)
      (18,  1, 96.315)
      (18,  6,  2.225)
      (18, 13, 63.290)
      (18, 16,  3.542)
      (18, 17, 99.946)
      (19,  5, 22.748)
      (19,  8, 69.286)
      (19, 11, 51.806)
      (19, 13, 55.016)
      (19, 17, 39.410)
      (19, 20, 80.352)
      (19, 22, 57.476)
      (20,  2, 36.727)
      (20,  8, 89.310)
      (20, 11,  9.722)
      (20, 13, 96.815)
      (20, 17,  7.957)
      (20, 18, 26.013)
      (21,  5, 61.730)
      (21, 12,  3.912)
      (21, 18, 59.929)
      (21, 19, 18.466)
      (22,  2, 87.286)
      (22,  5, 94.051)
      (22, 14, 82.582)
      (23,  2, 80.606)
      (23,  5, 12.306)
      (23, 10, 81.977)
      (23, 13, 98.204)
      (23, 22, 42.316)
      (24, 13, 10.604)
      (24, 17, 94.532)
      (24, 23, 86.707) }
------------------------- 

** G18: |V|=25, V={0,1,...24}
(u, v, weight) E = { 
      ( 0,  1, 39.314)
      ( 0,  4, 91.687)
      ( 0, 15, 85.849)
      ( 0, 17, 58.281)
      ( 0, 18, 20.826)
      ( 0, 19, 89.760)
      ( 0, 20, 41.365)
      ( 1,  6, 29.039)
      ( 1, 14,  7.429)
      ( 1, 18, 65.371)
      ( 1, 19, 40.254)
      ( 1, 21, 33.101)
      ( 1, 22, 73.095)
      ( 2,  7, 86.501)
      ( 2, 16, 75.622)
      ( 2, 17,  9.200)
      ( 2, 18, 77.828)
      ( 2, 19,  2.479)
      ( 2, 21, 35.414)
      ( 2, 22, 64.709)
      ( 2, 23, 68.871)
      ( 3,  0,  4.935)
      ( 3,  2, 61.791)
      ( 3,  4, 29.678)
      ( 3,  7, 94.587)
      ( 3, 17, 41.855)
      ( 3, 23, 75.953)
      ( 3, 24, 49.777)
      ( 4,  0, 83.323)
      ( 4,  9, 81.698)
      ( 4, 10, 78.469)
      ( 4, 14, 93.937)
      ( 4, 23, 69.287)
      ( 5, 11, 63.365)
      ( 5, 15, 63.517)
      ( 5, 23, 13.111)
      ( 6,  7, 16.571)
      ( 6,  8, 91.839)
      ( 6, 16, 60.865)
      ( 6, 17, 56.831)
      ( 7,  0, 59.577)
      ( 7, 14, 78.774)
      ( 7, 19, 10.044)
      ( 8,  0, 57.531)
      ( 8,  1, 37.395)
      ( 8,  3, 36.365)
      ( 8, 11, 85.058)
      ( 8, 13, 76.362)
      ( 8, 18, 61.732)
      ( 9,  0, 43.641)
      ( 9,  3, 37.848)
      ( 9,  5, 60.829)
      ( 9, 14, 71.004)
      ( 9, 21, 12.340)
      (10,  1, 50.445)
      (10,  2,  8.258)
      (10,  3, 95.492)
      (10,  8, 71.694)
      (10, 11, 77.531)
      (10, 12, 90.990)
      (10, 13, 67.896)
      (10, 16,  1.412)
      (10, 19, 17.592)
      (10, 24, 65.958)
      (11,  1, 26.129)
      (11, 14, 10.830)
      (11, 18, 94.382)
      (12, 15, 22.668)
      (13,  6,  5.757)
      (13,  9, 14.972)
      (13, 15, 71.598)
      (13, 17, 85.290)
      (13, 23, 79.940)
      (14,  1, 21.966)
      (14,  2, 69.065)
      (14,  3, 32.477)
      (14,  4, 23.803)
      (14, 13, 78.962)
      (14, 20, 63.540)
      (14, 22,  3.023)
      (14, 24, 99.062)
      (15, 13, 56.711)
      (15, 19, 21.995)
      (16,  7, 66.395)
      (16,  9, 46.268)
      (16, 11, 90.685)
      (16, 15, 22.645)
      (16, 20, 77.939)
      (17,  6, 19.109)
      (17,  7, 60.702)
      (17, 21, 48.623)
      (18,  0, 62.438)
      (18,  1, 30.279)
      (18,  2, 93.539)
      (18, 21, 68.766)
      (18, 24, 45.884)
      (19, 22,  9.605)
      (19, 24, 76.906)
      (20,  1, 13.155)
      (20,  3, 56.100)
      (20,  4, 71.265)
      (20,  5, 51.264)
      (20,  8, 54.799)
      (20, 10, 64.339)
      (20, 15, 60.705)
      (20, 19, 86.566)
      (20, 21, 68.863)
      (21,  3, 37.928)
      (21,  9, 51.693)
      (21, 12, 75.459)
      (21, 15, 96.450)
      (22,  3, 57.136)
      (22,  6, 43.099)
      (22, 16,  5.192)
      (22, 21, 61.349)
      (23, 10, 79.439)
      (23, 11,  2.485)
      (24,  1, 71.680)
      (24,  3,  8.185)
      (24,  8, 62.259)
      (24, 19, 23.825)
      (24, 20, 36.112)
      (24, 21, 28.026) }
------------------------- 

** G19: |V|=25, V={0,1,...24}
(u, v, weight) E = { 
      ( 0, 11, 84.062)
      ( 0, 12, 63.636)
      ( 0, 23, 61.995)
      ( 1,  3, 62.841)
      ( 1, 12, 37.230)
      ( 1, 17, 70.694)
      ( 2, 11, 62.062)
      ( 2, 12, 30.701)
      ( 2, 19,  9.348)
      ( 3,  2, 26.787)
      ( 3,  4,  0.365)
      ( 3,  7, 17.020)
      ( 3,  8, 18.253)
      ( 3, 14, 97.926)
      ( 4,  7, 92.813)
      ( 4, 12, 94.468)
      ( 5, 13, 45.968)
      ( 5, 19, 18.893)
      ( 5, 23, 14.248)
      ( 6,  9, 25.354)
      ( 6, 13, 67.882)
      ( 6, 14, 88.228)
      ( 6, 21, 81.964)
      ( 7,  5, 11.366)
      ( 7, 18, 46.083)
      ( 7, 20, 73.535)
      ( 8,  2, 33.183)
      ( 8,  9, 53.375)
      ( 8, 10, 74.206)
      ( 8, 16, 16.428)
      ( 8, 20, 90.698)
      ( 8, 24, 39.568)
      ( 9,  2, 76.103)
      ( 9,  4, 57.640)
      ( 9,  5, 21.083)
      ( 9, 13, 89.136)
      ( 9, 17, 35.050)
      ( 9, 18, 41.244)
      (10, 14, 69.571)
      (10, 18, 56.156)
      (10, 21, 72.515)
      (10, 22, 80.212)
      (10, 24, 20.508)
      (11,  2,  1.657)
      (11,  5, 30.275)
      (11, 13, 54.661)
      (11, 21, 26.055)
      (11, 22, 13.765)
      (11, 23, 57.998)
      (11, 24, 13.564)
      (12,  5, 41.730)
      (12,  8, 67.097)
      (12, 11,  0.793)
      (12, 14, 60.668)
      (12, 17, 55.246)
      (13,  5,  9.606)
      (13,  6, 51.395)
      (13, 14, 87.151)
      (13, 19, 72.738)
      (13, 22, 92.616)
      (14,  2, 89.131)
      (14,  6, 88.405)
      (14, 19, 40.312)
      (15, 18, 35.357)
      (15, 23, 39.699)
      (16, 10, 65.412)
      (16, 12, 53.992)
      (16, 13, 80.695)
      (16, 23,  2.988)
      (17,  6, 31.832)
      (17,  9, 36.010)
      (18,  0,  2.550)
      (18,  1, 51.032)
      (18,  3, 55.078)
      (18,  4, 50.750)
      (18,  7, 85.531)
      (18, 15, 61.481)
      (18, 19, 65.875)
      (19,  5, 31.397)
      (19,  7, 68.264)
      (19,  9, 59.266)
      (19, 10, 79.866)
      (19, 12, 12.136)
      (19, 13, 23.866)
      (19, 21, 29.606)
      (20, 13, 11.827)
      (20, 17, 47.351)
      (20, 18, 71.322)
      (20, 19, 89.950)
      (20, 23, 90.854)
      (21,  2, 32.390)
      (21,  3, 73.203)
      (21,  5, 57.480)
      (21,  6, 32.036)
      (21,  7, 59.747)
      (21, 12, 28.611)
      (21, 19, 52.890)
      (22,  4, 80.690)
      (22, 12, 77.573)
      (22, 13, 35.923)
      (22, 14,  2.066)
      (22, 24, 42.421)
      (23,  1, 13.096)
      (23,  4,  6.407)
      (23,  6, 92.989)
      (23,  9, 25.791)
      (23, 15, 41.034)
      (23, 19,  1.591)
      (23, 21, 37.424)
      (24,  1,  5.071)
      (24,  2, 97.978)
      (24, 10, 46.378)
      (24, 13, 68.055)
      (24, 16, 40.381)
      (24, 19,  8.756)
      (24, 21, 98.719)
      (24, 22, 51.237) }
------------------------- 

** G20: |V|=25, V={0,1,...24}
(u, v, weight) E = { 
      ( 0,  5, 34.728)
      ( 0, 12, 89.283)
      ( 0, 23, 98.605)
      ( 0, 24, 40.989)
      ( 1,  3, 13.271)
      ( 1,  6,  6.598)
      ( 1, 22,  5.659)
      ( 2,  1, 43.516)
      ( 2,  5, 54.249)
      ( 2, 16, 69.597)
      ( 2, 17, 38.159)
      ( 2, 20, 37.970)
      ( 3,  8, 97.257)
      ( 3, 14, 69.090)
      ( 3, 16, 61.008)
      ( 3, 18, 94.348)
      ( 4,  2, 83.387)
      ( 4,  3, 69.089)
      ( 4, 16, 63.416)
      ( 4, 22, 66.124)
      ( 5,  3, 91.571)
      ( 5,  6, 83.650)
      ( 5,  7, 77.259)
      ( 5, 12,  2.691)
      ( 5, 19, 24.469)
      ( 5, 20, 33.537)
      ( 6,  0,  8.252)
      ( 6,  3, 88.683)
      ( 6,  5, 76.179)
      ( 6,  9, 68.262)
      ( 6, 10, 38.233)
      ( 6, 11, 63.236)
      ( 6, 17, 26.608)
      ( 6, 22, 19.925)
      ( 7,  1,  3.172)
      ( 7,  8, 54.931)
      ( 7, 12, 33.295)
      ( 7, 14, 12.256)
      ( 7, 21,  8.245)
      ( 7, 24, 29.162)
      ( 8,  4, 40.029)
      ( 8,  7, 90.695)
      ( 8, 10, 72.249)
      ( 8, 20, 92.856)
      ( 9,  1, 72.286)
      ( 9,  2, 43.189)
      ( 9,  5, 17.651)
      ( 9, 11, 76.635)
      ( 9, 13, 70.274)
      ( 9, 17, 80.563)
      ( 9, 21, 21.237)
      ( 9, 22, 99.858)
      ( 9, 23, 55.084)
      ( 9, 24, 47.887)
      (10,  2, 75.527)
      (10,  3, 93.962)
      (10,  7,  8.805)
      (10, 16, 48.871)
      (10, 17, 48.957)
      (10, 18, 21.202)
      (11, 12, 74.494)
      (11, 13, 31.685)
      (11, 20, 10.290)
      (11, 23, 33.125)
      (12,  8,  5.278)
      (12,  9, 81.425)
      (12, 11,  4.366)
      (12, 13,  3.157)
      (12, 15, 65.476)
      (12, 23,  1.846)
      (13,  3, 82.942)
      (13,  6, 78.413)
      (13, 11, 48.126)
      (13, 14, 29.380)
      (13, 18, 54.902)
      (13, 20, 86.782)
      (14,  6, 16.112)
      (14, 10, 17.576)
      (14, 11, 19.922)
      (14, 13, 65.960)
      (14, 19, 64.378)
      (14, 21, 77.153)
      (14, 23,  4.015)
      (15,  0, 15.781)
      (15,  7, 26.980)
      (15,  9, 20.228)
      (15, 23, 25.532)
      (16,  0, 22.214)
      (16,  4, 76.024)
      (16,  5, 42.876)
      (16,  6, 15.958)
      (16,  8, 91.027)
      (16, 20, 12.630)
      (16, 22, 25.304)
      (16, 23,  6.099)
      (17,  3,  3.443)
      (17, 12, 75.744)
      (17, 24, 61.814)
      (18,  4, 83.322)
      (18,  6, 89.543)
      (18,  9,  7.353)
      (18, 14, 43.829)
      (18, 21,  5.732)
      (18, 24, 97.301)
      (19,  2, 24.722)
      (19,  3, 60.015)
      (19,  5, 62.470)
      (19, 16, 25.207)
      (19, 17,  6.124)
      (19, 22, 77.969)
      (20,  8, 53.667)
      (20,  9, 18.107)
      (20, 13, 82.866)
      (20, 15, 69.260)
      (20, 17,  5.990)
      (21,  0, 12.573)
      (21, 16, 22.338)
      (21, 17, 60.817)
      (22,  2, 43.855)
      (22,  6, 40.902)
      (22, 12, 61.770)
      (22, 13,  4.282)
      (22, 18, 48.436)
      (22, 23, 48.009)
      (23,  3, 32.906)
      (23,  8,  9.241)
      (23, 22, 44.605)
      (24, 11,  5.600)
      (24, 14, 12.641)
      (24, 18, 21.490)
      (24, 21, 42.724) }
------------------------- 

